11
12.5
14
15.5
17
14.0
11
12.5
14
15.5
17
17.5
18
14.5
11
12.5
14
15.5
17
14.0
11
12.5
14
15.5
17
12.0
7
9.0
11
12.5
14
15.5
17
12.0
7
9.0
11
12.5
14
15.5
17
12.0
7
7.0
7
9.0
11
12.5
14
15.5
17
12.0
7
9.0
11
12.5
14
15.5
17
14.0
11
12.5
14
15.5
17
14.0
11
12.5
14
15.5
17
14.0
11
12.5
14
15.5
17
17.5
18
14.5
11
12.5
14
15.5
17
14.0
11
12.5
14
15.5
17
12.0
7
9.0
11
12.5
14
15.5
17
12.0
7
9.0
11
12.5
14
15.5
17
12.0
7
7.0
7
9.0
11
12.5
14
15.5
17
12.0
7
9.0
11
12.5
14
15.5
17
14.0
11
12.5
14
15.5
17
14.0
11
12.5
14
15.5
17
14.0
11
12.5
14
15.5
17
17.5
18
14.5
11
12.5
14
15.5
17
14.0
11
12.5
14
15.5
17
12.0
7
9.0
11
12.5
14
15.5
17
12.0
7
9.0
11
12.5
14
15.5
17
12.0
7
7.0
7
9.0
11
12.5
14
15.5
17
12.0
7
9.0
11
12.5
14
15.5
17
14.0
11
12.5
14
15.5
17
14.0
11
12.5
14
15.5
17
14.0
11
12.5
14
15.5
17
17.5
18
14.5
11
12.5
14
15.5
17
14.0
11
12.5
14
15.5
17
12.0
7
9.0
11
12.5
14
15.5
17
12.0
7
9.0
11
12.5
14
15.5
17
12.0
7
7.0
7
9.0
11
12.5
14
15.5
17
12.0
7
9.0
11
12.5
14
15.5
17
14.0
11
12.5
14
15.5
17
14.0
11
12.5
14
15.5
17
14.0
11
12.5
14
15.5
17
17.5
18
14.5
11
12.5
14
15.5
17
14.0
11
12.5
14
15.5
17
12.0
7
9.0
11
12.5
14
15.5
17
12.0
7
9.0
11
12.5
14
15.5
17
12.0
7
7.0
7
9.0
11
12.5
14
15.5
17
12.0
7
9.0
11
12.5
14
15.5
17
14.0
11
12.5
14
15.5
17
14.0
11
12.5
14
15.5
17
14.0
11
12.5
14
15.5
17
17.5
18
14.5
11
12.5
14
15.5
17
14.0
11
12.5
14
15.5
17
12.0
7
9.0
11
12.5
14
15.5
17
12.0
7
9.0
11
12.5
14
15.5
17
12.0
7
7.0
7
9.0
11
12.5
14
15.5
17
12.0
7
9.0
11
12.5
14
15.5
17
14.0
11
12.5
14
15.5
17
14.0
